#MCPL-ASCII
#GENERATED FROM OPENMC
#NPARTICLES: 223
#END-HEADER
index     pdgcode               ekin[MeV]                   x[cm]                   y[cm]                   z[cm]                      ux                      uy                      uz                time[ms]                  weight                   pol-x                   pol-y                   pol-z  userflags
    0        2112    0.554068345924694672   -0.230326372350374231      1.2933367137653089                      25   -0.200001926255764767   0.0201355905166722832    0.979588580725872071                       0                       1                       0                       0                       0 0x00000000
    1        2112 3.49114012435583744e-08   -0.626556021892910153    0.101205738605420148                      25    -0.10120049262195624    -0.13553440602902353    0.985590627530230412                       0                       1                       0                       0                       0 0x00000000
    2        2112 1.59535480177387879e-05    0.745515431534848005    0.888848112172250904                      25    0.401452366811932915   0.0716188658530570038    0.913075426914457644                       0                       1                       0                       0                       0 0x00000000
    3        2112  0.00709547125764442479    0.721995044958849475   0.0685292559212966612                      25  -0.0730693775878124285    0.147983645218316334    0.986286827858320891                       0                       1                       0                       0                       0 0x00000000
    4        2112 3.32077036218715902e-06    0.871655621342563691   -0.295757858871153467                      25    0.673279910169780615  -0.0305128942302138745    0.738757826251247196                       0                       1                       0                       0                       0 0x00000000
    5        2112 7.35301463542020049e-08   -0.249952048556656425    -1.19231624251454571                      25   -0.276651463583551194  -0.0634122125724194546    0.958875830852853217                       0                       1                       0                       0                       0 0x00000000
    6        2112  0.00239891859891558281   -0.590075701462716928    0.314373243229874921                      25    0.106473204400506602   -0.271411007897864431    0.956556073388566852                       0                       1                       0                       0                       0 0x00000000
    7        2112 2.97507146240964924e-05    -1.26754445449629993 -0.00280866912518484835                      25  -0.0137176035839315941    0.106619086827559398    0.994205309619683897                       0                       1                       0                       0                       0 0x00000000
    8        2112  0.00677212923351616473   -0.553358245195124221     1.03021142916881114                      25   -0.598414593242349246   -0.319514243001908727    0.734718056885436011                       0                       1                       0                       0                       0 0x00000000
    9        2112    0.601305496520382787   -0.331112654827305786     1.23962029922713191                      25   -0.151124803910291816    0.100044495641392811    0.983439063966311644                       0                       1                       0                       0                       0 0x00000000
   10        2112 5.74114276945680797e-08     1.31327762379328128    0.456763037066029831                      25     0.18629320109008865    0.172217511349820079    0.967282777688139417                       0                       1                       0                       0                       0 0x00000000
   11        2112 4.52610450101478272e-08   -0.698037197361793704    0.455038555686433144                      25   0.0463696867949203173   0.0549297883917262697    0.997412938804074889                       0                       1                       0                       0                       0 0x00000000
   12        2112 2.71518135147064927e-08    -1.11757827757183081    0.531223201950356105                      25   -0.055958524385679595   -0.111403008185251617    0.992198575546172634                       0                       1                       0                       0                       0 0x00000000
   13        2112 3.45670157682331769e-08     -1.0595968224083685   -0.263100495080013097                      25   -0.273260305192771336    0.152275863018147883    0.949810963901781768                       0                       1                       0                       0                       0 0x00000000
   14        2112 1.57046912459130624e-07    0.846773861540152883   -0.254540062503185727                      25   0.0604931576052964298  -0.0996790480192709938    0.993179070092051752                       0                       1                       0                       0                       0 0x00000000
   15        2112 1.26144699839954494e-07    0.523711648630996285   -0.231491468178461002                      25    0.128267524100927732    0.240738653991166895    0.962077098124437646                       0                       1                       0                       0                       0 0x00000000
   16        2112 5.62805690289994214e-08   -0.749891607614071365    0.912598200325480668                      25   -0.158936056405501958    0.201369025088196624    0.966534968694509389                       0                       1                       0                       0                       0 0x00000000
   17        2112 4.98708668835666833e-08    -1.42668429728614354   0.0906883894627190656                      25   -0.219554186299709159    0.197245815082802978    0.955452797217420491                       0                       1                       0                       0                       0 0x00000000
   18        2112 5.10918685199760134e-05   -0.458179321389511562    0.690667219030265178                      25   -0.330352415737278637    0.184428154229088842    0.925663836035628851                       0                       1                       0                       0                       0 0x00000000
   19        2112 9.24520474866163896e-08    0.188154772181352514    0.729820681975927643                      25   0.0446787684235377056    0.125528045727690718    0.991083506768195122                       0                       1                       0                       0                       0 0x00000000
   20        2112    0.177756255788711709   0.0711034816302200667    0.568847212257079682                      25   -0.126566759075666418 0.000589073203664746596    0.991957916692962738                       0                       1                       0                       0                       0 0x00000000
   21        2112    0.126897713097668008     1.32904301075078202    0.073326078729979649                      25    -0.33531840221496878    0.256225784114528177    0.906592475531809994                       0                       1                       0                       0                       0 0x00000000
   22        2112 1.13005642468089238e-07    0.385494284732129655   -0.665069942612864673                      25    0.359246415079320314   -0.263803048117103311    0.895181526315630527                       0                       1                       0                       0                       0 0x00000000
   23        2112 8.78898445377416903e-08   0.0538706588826919353    0.386169689089322032                      25    0.111146746600174734    0.171702947893378643    0.978858773472925492                       0                       1                       0                       0                       0 0x00000000
   24        2112 1.99784990765445531e-08  0.00656986625771552313    -1.43133950560147083                      25  -0.0258096262817940625   -0.317247749726478401    0.947991417938306213                       0                       1                       0                       0                       0 0x00000000
   25        2112  7.6856710583297675e-06   -0.296276958019802139     -0.5679201130026581                      25    0.233687128225903984   -0.903955015348029245    0.358127988753565718                       0                       1                       0                       0                       0 0x00000000
   26        2112 0.000244706545292694162   -0.445260079429454891   -0.237845044027481245                      25    0.443037549830429811    0.134983839300631653    0.886282738502736755                       0                       1                       0                       0                       0 0x00000000
   27        2112 9.20925970511463343e-08   -0.961669220867221064   -0.513139848786275277                      25   -0.143137775131271794   -0.228971358071330566    0.962851854915095395                       0                       1                       0                       0                       0 0x00000000
   28        2112 2.33706886499011044e-08    0.354776831443182949    0.762119293128427078                      25    0.205776523327477312    0.287800459080802484    0.935321826004362866                       0                       1                       0                       0                       0 0x00000000
   29        2112 1.46270732743421969e-08     0.88470913226410508    0.537605808826907561                      25    0.140552726899405622  -0.0889513748636854285    0.986069259165400114                       0                       1                       0                       0                       0 0x00000000
   30        2112 3.59613624509122354e-08    0.422406988936395278   -0.630141191839807102                      25    0.128709502583084556   -0.118038085151260144    0.984632354942005072                       0                       1                       0                       0                       0 0x00000000
   31        2112 1.14640179643150794e-07     1.28840458627560817    0.044228656257414678                      25    0.261949112143517848    0.101472271813519449    0.959732275533248136                       0                       1                       0                       0                       0 0x00000000
   32        2112     3.28763446269288373    -0.82862365249663128   -0.444642160590096258                      25    0.439067961292866016   -0.663376384696885424     0.60592994445943682                       0                       1                       0                       0                       0 0x00000000
   33        2112  0.00429256643211899797    0.144602421105700985    0.517094959165912638                      25     0.19120697713841564    0.387608935059767623    0.901775584807784747                       0                       1                       0                       0                       0 0x00000000
   34        2112 2.41197597340821157e-08     1.23840877615622169    -0.81233469421311133                      25    0.356655574652830709  -0.0565645550510628162    0.932521984824451367                       0                       1                       0                       0                       0 0x00000000
   35        2112  0.00183657142091501525    0.779071676854317774    -0.78597088776796431                      25    0.254476650516226421   -0.254304561175990151    0.933043849187769725                       0                       1                       0                       0                       0 0x00000000
   36        2112    0.213894836635305979   -0.542895459469864172   -0.881251541204601696                      25   -0.192070515553438209    0.331322105061437888    0.923761105347423728                       0                       1                       0                       0                       0 0x00000000
   37        2112 4.06888268892844317e-08    -1.15343587156409333    0.953042842382470279                      25  0.00583768817940277795    0.336494560220857719    0.941667315105760405                       0                       1                       0                       0                       0 0x00000000
   38        2112  0.00345566951849304296    -1.29380127014436241   -0.459537817282654637                      25   -0.230500920130615378   0.0665986549004667361    0.970790371287431064                       0                       1                       0                       0                       0 0x00000000
   39        2112 3.91180909021780633e-08     1.08707413857230994    0.824453750121294071                      25    0.015524725768406189 -0.00867414537422168258    0.999841858541560824                       0                       1                       0                       0                       0 0x00000000
   40        2112 4.23359873387682946e-08     1.46951219942423195    -0.17801979411301283                      25    0.224806445429916124  -0.0775751555947454818    0.971310535991253943                       0                       1                       0                       0                       0 0x00000000
   41        2112    0.575956423092914505   -0.966018975360221521   -0.735362388380907839                      25   0.0322542074578610616   0.0371168632971652854     0.99879027055746028                       0                       1                       0                       0                       0 0x00000000
   42        2112 0.000218167392297780917    0.661157112489719867    0.734260431463207741                      25    0.274679833311431809   -0.362807347103888456     0.89046157584673058                       0                       1                       0                       0                       0 0x00000000
   43        2112  1.6849204867267055e-06    0.893118287298084734   -0.975312639043888652                      25    0.327296825428931459   -0.323523918258282361    0.887811388966683546                       0                       1                       0                       0                       0 0x00000000
   44        2112     1.68602416689738965   -0.129315030609096215   -0.525833160173683534                      25    0.202689027196128524   -0.302312260787410914    0.931409928673670229                       0                       1                       0                       0                       0 0x00000000
   45        2112 4.83031871217925671e-08    0.341113144584574313   -0.418839037679179738                      25    0.138940039636974266   0.0985306345258884497    0.985386918649523103                       0                       1                       0                       0                       0 0x00000000
   46        2112    0.392477404670387275   -0.635182243689127457   -0.771530173188289869                      25   -0.352692735901474208   -0.245094596765467687    0.903070580120239552                       0                       1                       0                       0                       0 0x00000000
   47        2112 3.50775691531016053e-08    0.154019392223407214   -0.315373388038208247                      25   -0.158546162492798764   -0.105081709241329702     0.98174383050861469                       0                       1                       0                       0                       0 0x00000000
   48        2112    0.243310707046480779   -0.730387001444676942   -0.685861562943315684                      25   -0.288523354640685903   -0.257550481977384227    0.922183291466561972                       0                       1                       0                       0                       0 0x00000000
   49        2112     3.32874908854983609     1.39004495318480514   -0.297677810338790483                      25    0.496006355951492062   -0.272890933119918799    0.824322893941847212                       0                       1                       0                       0                       0 0x00000000
   50        2112 3.52320887402644201e-08  -0.0289409066717414287    0.931418494564982935                      25     0.23998449853083928    0.163573931028525577    0.956896551123879835                       0                       1                       0                       0                       0 0x00000000
   51        2112   0.0954824163766619244    -1.05188111731120726   -0.247497906076166063                      25   -0.290782380399673246   -0.123594662281030804    0.948772874140453859                       0                       1                       0                       0                       0 0x00000000
   52        2112 9.24080072178567671e-07    0.211939818899566923     1.14556661504271662                      25    0.141448170113353922    -0.19948433388515871    0.969638291171495581                       0                       1                       0                       0                       0 0x00000000
   53        2112 6.95777174277045571e-08    0.270618010235641249  -0.0628786488879802263                      25   0.0847383722024051544    -0.23814604273945833    0.967525643383172929                       0                       1                       0                       0                       0 0x00000000
   54        2112 0.000277407289735412442   -0.636414028810645016    0.457564220660774623                      25   0.0123402498302981941    0.106637223424633984    0.994221414381329049                       0                       1                       0                       0                       0 0x00000000
   55        2112 1.76533675114409227e-08     1.06413967737953818    0.610091523549557646                      25   0.0259505763541560963    0.198839985348997356    0.979688331977725202                       0                       1                       0                       0                       0 0x00000000
   56        2112 9.69377938492546297e-08     1.20414895129335675    0.199691188859097757                      25    0.199842949585639917    0.408568461743231581    0.890581050533684415                       0                       1                       0                       0                       0 0x00000000
   57        2112 2.23005689652845372e-08    0.179351270260742823   -0.784786020721387256                      25   -0.175072626889717115   -0.430672916055260924    0.885364565978553286                       0                       1                       0                       0                       0 0x00000000
   58        2112 1.60669713998974922e-07    0.672962319372161888   -0.552894218259494918                      25    0.166352260936034752  -0.0281570514565723795    0.985664296672422613                       0                       1                       0                       0                       0 0x00000000
   59        2112     0.48148992764369003   -0.360661707205112203    -0.98869465102408971                      25   0.0071165751941967767   -0.392053474162222804    0.919914902452850125                       0                       1                       0                       0                       0 0x00000000
   60        2112 1.30783316729126039e-08      0.9229981734172783   -0.905472767464756023                      25    0.231507401931509316  -0.0712500764396372943    0.970220464357594015                       0                       1                       0                       0                       0 0x00000000
   61        2112 4.90131810197219429e-08    0.985251505360099644    0.359083330806567291                      25     0.06594373842868545   0.0853756208279967399    0.994164184996765621                       0                       1                       0                       0                       0 0x00000000
   62        2112 7.98888886222352989e-08    0.208346016748309326    0.153937617885983924                      25    0.167298217415344286    0.121025960263836371    0.978449806271054712                       0                       1                       0                       0                       0 0x00000000
   63        2112 6.40157653393474352e-08   -0.217833865298710405     1.13348396944958152                      25   -0.268242245512091748    0.201020136472205069    0.942144894618299533                       0                       1                       0                       0                       0 0x00000000
   64        2112 9.22613819581348695e-05    -0.52745628592815974    0.954546518754455731                      25    0.328613417703063793     0.15182887472708731    0.932180891514419629                       0                       1                       0                       0                       0 0x00000000
   65        2112    0.137507477224989849   -0.156323402476155282    0.733715642755174979                      25   -0.290105817757993878   0.0370615295968064612    0.956276663694618723                       0                       1                       0                       0                       0 0x00000000
   66        2112 5.28215330780201702e-05     1.12840684563649463    0.742438576154178187                      25    0.275393446796035501   0.0334281241784926686    0.960750232878299304                       0                       1                       0                       0                       0 0x00000000
   67        2112 7.54661476625918533e-08     1.31315833515949043    0.345420409537358308                      25    0.258587220137246443   -0.153767844058636027    0.953670855020352426                       0                       1                       0                       0                       0 0x00000000
   68        2112 5.86552766011733825e-08   -0.309650645140324476    0.471552023259804276                      25   -0.166034296972373152    0.139174332431535791    0.976249515964605297                       0                       1                       0                       0                       0 0x00000000
   69        2112 2.18168462167147162e-08    0.911422051774435582    0.763518986605966399                      25   0.0254456951609052517    0.128099974679673823    0.991434775002796642                       0                       1                       0                       0                       0 0x00000000
   70        2112 4.04825133747785944e-08  -0.0508815811825726882     0.13256154942802445                      25    0.818527112339052842    0.269727924251488005    0.507208254314611029                       0                       1                       0                       0                       0 0x00000000
   71        2112   0.0409266145858322161   -0.303059263995444583    0.726798416560584748                      25    0.220949773374373187  -0.0898795010430014363    0.971134837670894258                       0                       1                       0                       0                       0 0x00000000
   72        2112 5.71581586876465181e-08   -0.738444206294293304  -0.0607520885987946624                      25   -0.238159367100455044    0.138675577853126203    0.961274778598404711                       0                       1                       0                       0                       0 0x00000000
   73        2112 3.32010932883985262e-08   -0.968747972105141075    0.811099060418940754                      25   -0.127920272892829034    0.231224921377354092    0.964453959252104864                       0                       1                       0                       0                       0 0x00000000
   74        2112 1.63221769199174337e-06    0.157943688312358166     1.19264337250402486                      25   -0.179981049465552267    0.178310411760260495    0.967373877511257252                       0                       1                       0                       0                       0 0x00000000
   75        2112 6.82220267514421048e-08   -0.510144950419557208    0.545815978148812331                      25   -0.224583402374750052    0.102174106943966572     0.96908345731829737                       0                       1                       0                       0                       0 0x00000000
   76        2112     1.27088333023657674   0.0472863238510281558      1.1350127150879592                      25    0.279021381365978149   0.0551717996595545782    0.958698670731814029                       0                       1                       0                       0                       0 0x00000000
   77        2112 3.37654781162046062e-05   -0.826474954422797836   -0.215139148283637893                      25     0.35512539248970304    0.692662756006643621    0.627777239194218795                       0                       1                       0                       0                       0 0x00000000
   78        2112 1.00484695368055001e-07    -1.27675950138177297   -0.463969537915560726                      25    0.253970155197865144   -0.284532535374324769    0.924413541972547548                       0                       1                       0                       0                       0 0x00000000
   79        2112 6.54805149606205417e-08    0.292868608121043927     1.44606199983099271                      25   0.0117176903884641127   -0.321100141932960936    0.946972752819526642                       0                       1                       0                       0                       0 0x00000000
   80        2112 2.05068392925858831e-06   -0.729234766885162977    0.313300532820957156                      25   -0.192610633188142116   -0.101281111126933332    0.976034466866696593                       0                       1                       0                       0                       0 0x00000000
   81        2112  2.5559965111643891e-07   -0.487221724616672125    0.434278230978438984                      25   0.0174361569204077027    0.286435797651650392    0.957940767613274513                       0                       1                       0                       0                       0 0x00000000
   82        2112 0.000140871892652134597   -0.173712238064131275    -1.39203146349932538                      25   -0.108571525595681465   -0.374957597087907546    0.920662274786953949                       0                       1                       0                       0                       0 0x00000000
   83        2112 2.29016576299157567e-08  -0.0892535091929367308    -1.19900055297602925                      25   -0.136439822099500507   -0.197585672774545057    0.970744084122940665                       0                       1                       0                       0                       0 0x00000000
   84        2112 6.25162058547631359e-05   -0.860913383871900306   -0.291863356327987544                      25  -0.0955256653588729965    0.263937833682678979    0.959797722027219136                       0                       1                       0                       0                       0 0x00000000
   85        2112    0.322621239792730663   -0.919029805868772254    -1.02268018367600177                      25   -0.201116390371332054   -0.286634791958982116    0.936692422069612562                       0                       1                       0                       0                       0 0x00000000
   86        2112   0.0223869242793793416   -0.926830563641305893    0.531700529947621847                      25   -0.342584769934092037   0.0271537534811288964    0.939094430332270358                       0                       1                       0                       0                       0 0x00000000
   87        2112     3.24772324476600227    0.637160238676804713     -1.2559406053356641                      25    0.223769134171885098   -0.166226940713688015    0.960362420533484307                       0                       1                       0                       0                       0 0x00000000
   88        2112  0.00732744325000691393     1.03095904653262238    -0.47481343056439046                      25   -0.344379677377174509   -0.347178540300527472    0.872278452653960867                       0                       1                       0                       0                       0 0x00000000
   89        2112     1.58684138344533499   -0.358810748050923056  -0.0118550887191034016                      25   -0.291986934363306805   0.0604028128077887388    0.954513033104328557                       0                       1                       0                       0                       0 0x00000000
   90        2112 4.85213133904398225e-08    -1.34633763836205622   -0.105325055546415386                      25   -0.409184391986541773   0.0245702891012002378    0.912120844103503359                       0                       1                       0                       0                       0 0x00000000
   91        2112 1.24827857934735634e-07    0.183366342479592825     0.39760864878193708                      25    0.205194056202709391   0.0645558276946667231    0.976589957151790422                       0                       1                       0                       0                       0 0x00000000
   92        2112 4.45238818901749498e-08    0.239048807038094502   -0.259078595606449191                      25   0.0821880893474973284    0.163903733173002247    0.983046633797888925                       0                       1                       0                       0                       0 0x00000000
   93        2112 1.53916495587959009e-08    0.796918721612683845     1.24300154993969114                      25   0.0233165493969385018    0.117347772759634122    0.992817122511781336                       0                       1                       0                       0                       0 0x00000000
   94        2112      1.5718003238853977    0.354451526395799021    -0.91358999262855356                      25   -0.308751904966819535  -0.0762794610711781534    0.948078955044383775                       0                       1                       0                       0                       0 0x00000000
   95        2112 4.07386221467800865e-08  -0.0046655668052028032   -0.811345775353770726                      25   -0.119018394151966703   -0.370918847314421096    0.921006965533067046                       0                       1                       0                       0                       0 0x00000000
   96        2112  0.00505621971526820733    0.378163868109741674   -0.428574768956378971                      25    0.261546272015761638  -0.0841436560323725463     0.96151619473837413                       0                       1                       0                       0                       0 0x00000000
   97        2112    0.664222325034650729    0.681568471918535534    -1.01394444349147994                      25    0.212237826790162426   -0.370330394855750422    0.904328758541589672                       0                       1                       0                       0                       0 0x00000000
   98        2112 0.000869766344939036542    0.531178592955971696   -0.194247163580337334                      25   -0.574368271965024046    0.493912743826877165    0.652802642186225968                       0                       1                       0                       0                       0 0x00000000
   99        2112 3.37800240343278507e-05    -1.33691937128104277    0.609733482969838425                      25   -0.489846123595369942   0.0634462790458190373    0.869497179336327419                       0                       1                       0                       0                       0 0x00000000
  100        2112  5.7915455013787757e-07       0.305801857564029    0.274808552437735054                      25  -0.0457144494683921418   -0.109452581631774237    0.992940240640866278                       0                       1                       0                       0                       0 0x00000000
  101        2112 4.29579601100628131e-08    -1.04244827453092803   0.0777874178418098694                      25   -0.358112070957982032   0.0433433285012055913     0.93267202193944998                       0                       1                       0                       0                       0 0x00000000
  102        2112 4.12843459456331626e-08    0.187353184671678052     1.47613804603519982                      25    0.304570750928522038     0.12505223057495074    0.944244987970317751                       0                       1                       0                       0                       0 0x00000000
  103        2112 6.35126166160478213e-08   0.0961221456494025794      1.3239035351376236                      25   0.0411345076707229917   0.0778140432749268585    0.996118932130041879                       0                       1                       0                       0                       0 0x00000000
  104        2112 2.46857316754125516e-08     0.79934180632451568  -0.0704649725958631512                      25    0.154630209862530815   0.0505578205299195282    0.986677964171253086                       0                       1                       0                       0                       0 0x00000000
  105        2112 1.03937894259628701e-07   0.0348863140990671727    0.421452849116318751                      25    0.126387892430125381    0.309622764399774208    0.942422328052828995                       0                       1                       0                       0                       0 0x00000000
  106        2112    0.134150395305741132   -0.860388441054765751   -0.496986996912933798                      25   0.0627086569445859943  0.00442277854465119614     0.99802207559459899                       0                       1                       0                       0                       0 0x00000000
  107        2112 0.000119357561484671775   -0.599666609666312356     -1.2860957215110389                      25   -0.337249746872858025   -0.250592473954393269    0.907450285267248025                       0                       1                       0                       0                       0 0x00000000
  108        2112  3.9176172508396707e-08  -0.0600323450348878573    -1.35816670031915465                      25    -0.13145157471390384   -0.137511891013676113    0.981738744949529729                       0                       1                       0                       0                       0 0x00000000
  109        2112  3.0491769439986998e-08    0.872922551418489623   -0.122743174272936129                      25   0.0869806726907317168    0.199365019945336869     0.97605735046689901                       0                       1                       0                       0                       0 0x00000000
  110        2112  0.00390719745825718334   -0.664180546823958773    -1.09757608192038392                      25    0.532689442501673605   0.0866995346034916819    0.841858152271981131                       0                       1                       0                       0                       0 0x00000000
  111        2112 1.69294372295351779e-08    0.454812054090557971    0.993514000087148297                      25    0.113342956627712127    0.396395590273616261     0.91105648024396213                       0                       1                       0                       0                       0 0x00000000
  112        2112 3.88305499234829223e-08    -0.42342002468021267   -0.745044270049674884                      25   -0.118139144289059861  -0.0502472283250047225    0.991724941015553529                       0                       1                       0                       0                       0 0x00000000
  113        2112 2.12500037762247277e-08     1.40062691266515671    0.369676079866088747                      25    0.416814477535642103    0.250655073399377482    0.873749234904297456                       0                       1                       0                       0                       0 0x00000000
  114        2112 1.01684899083460963e-08   -0.306998591689757516     1.03491075624895279                      25   -0.250106348564226866    0.215313931688604132    0.943973900713714009                       0                       1                       0                       0                       0 0x00000000
  115        2112  7.7388104874887756e-08   -0.286267184179820333   -0.178010977311899826                      25   -0.172274168315948439  0.00386190573182397523    0.985041469490075206                       0                       1                       0                       0                       0 0x00000000
  116        2112     0.19468279390789589  -0.0430899466100174156    0.148401134616107711                      25    0.256075763351530594    -0.22690914823303715    0.939647509373641943                       0                       1                       0                       0                       0 0x00000000
  117        2112 1.31673982729143437e-07   -0.382064184614747226    0.753378193196100332                      25   -0.236234644698908314    0.284320792790639987    0.929168918674577182                       0                       1                       0                       0                       0 0x00000000
  118        2112     2.05107333157142957   -0.668575350155460768   -0.762842048707626175                      25   -0.287805353073843029  -0.0474487857097141905    0.956512776431509115                       0                       1                       0                       0                       0 0x00000000
  119        2112  7.2515763522812703e-08    0.418531600233876033     1.43386317709380173                      25 -0.00719752982826429855    0.346867358132932235    0.937886577058362536                       0                       1                       0                       0                       0 0x00000000
  120        2112 6.17129799209427473e-08   -0.435724162421234684   -0.919289920349712686                      25   -0.223635152844579632  -0.0643317374613350534    0.972547554604602182                       0                       1                       0                       0                       0 0x00000000
  121        2112    0.944574519045748962    -0.36748396483571244    0.320852297042465762                      25   -0.137740545087054161  -0.0181552487009324082    0.990301938392391667                       0                       1                       0                       0                       0 0x00000000
  122        2112   0.0850426450822228536     1.04048232776270666   -0.770233608812060933                      25   0.0300964881560907282   -0.205576055274502595    0.978178249041781078                       0                       1                       0                       0                       0 0x00000000
  123        2112    0.280228919469513615    -1.23198712702817348    0.118625557484321131                      25    -0.17080948323801784    0.226472427559883005    0.958923542307255516                       0                       1                       0                       0                       0 0x00000000
  124        2112  4.1287802425039282e-08    -1.21950975099227366    0.359687638012733402                      25   -0.234497795074507076   -0.198334832955207263    0.951669101180564914                       0                       1                       0                       0                       0 0x00000000
  125        2112 0.000168243466373534486   -0.742803552628949593   -0.349200969374905468                      25   -0.134028584542997348 -0.00832646364878799825    0.990942484975039228                       0                       1                       0                       0                       0 0x00000000
  126        2112 4.21136476363031862e-08   0.0714710257473771815    0.752040736189054537                      25    -0.15200111008085182   0.0420314013616314153    0.987486214503152548                       0                       1                       0                       0                       0 0x00000000
  127        2112 5.93712763247711706e-08   0.0934550844401980108   -0.659626764011409739                      25   -0.086584661338645369  -0.0526710300087546157    0.994851174306332631                       0                       1                       0                       0                       0 0x00000000
  128        2112 1.56080251329452448e-07    -1.18715986423683062     0.68929371069799239                      25   -0.369922193630715768   0.0804993114282168687    0.925568707076369401                       0                       1                       0                       0                       0 0x00000000
  129        2112 2.81531787390700562e-08    0.669232303812259621    -1.05619267680001583                      25    0.299708861460710629   -0.293878463525342415    0.907639822307234834                       0                       1                       0                       0                       0 0x00000000
  130        2112    0.530237698964019288    -1.39493426926678099    0.308476382324374132                      25   -0.215649610644472689    0.270679568938071879    0.938204570649912584                       0                       1                       0                       0                       0 0x00000000
  131        2112 1.47376043414433904e-08    -0.52384451633479534   -0.576858688420455734                      25   -0.113857961458615667   0.0266747437253543225    0.993138873803495303                       0                       1                       0                       0                       0 0x00000000
  132        2112 7.07739136065155176e-08   -0.737108078827356517    0.379211687719650192                      25   -0.134189909703922333  -0.0534635054292431633    0.989512365623022694                       0                       1                       0                       0                       0 0x00000000
  133        2112 1.95207989005427466e-08    0.129088355634648488   -0.774918041008730629                      25    0.184514150934052212  -0.0669273777092291577    0.980548445625228804                       0                       1                       0                       0                       0 0x00000000
  134        2112 0.000702708688227030942    0.279000570638823664     1.46708373295719063                      25   -0.209200534079843153    0.197303248901585015    0.957761225208865752                       0                       1                       0                       0                       0 0x00000000
  135        2112      0.3401669573727365     -1.1793829092542456    0.289277904553377596                      25   -0.390385663917746373   0.0641836468709247182     0.91841139631531632                       0                       1                       0                       0                       0 0x00000000
  136        2112 1.49067560066232299e-07     0.58589836019402286    -1.14664005135227898                      25    0.124560367795033489  -0.0517566424264057079    0.990861223754119447                       0                       1                       0                       0                       0 0x00000000
  137        2112 9.58428481494048307e-09   -0.146883929214264963    0.727820937322801287                      25   -0.240593910700841657   0.0505914669309904808    0.969306491058141484                       0                       1                       0                       0                       0 0x00000000
  138        2112 6.14789106486572307e-08   0.0181843649058852641    -1.05831895537173337                      25    0.157364034609653897  -0.0229299079652865202    0.987274419769941902                       0                       1                       0                       0                       0 0x00000000
  139        2112  0.00012870258792693629    -0.25559160299314776     -0.4260347704795997                      25  -0.0731368682868046988    0.163526287413165883    0.983824248441796279                       0                       1                       0                       0                       0 0x00000000
  140        2112 4.60740245311849364e-08    0.575035381309018656   -0.781838015106922635                      25    0.320309899252043118   -0.677444246500975789    0.662171323241856458                       0                       1                       0                       0                       0 0x00000000
  141        2112 5.15450477699304442e-08    0.870887817280209475   0.0144667440622512355                      25    0.278938063339865816   -0.163399431752171864    0.946305543956745709                       0                       1                       0                       0                       0 0x00000000
  142        2112 5.88922520505870209e-08   -0.957060280869232005    0.511333272558611163                      25   -0.137089664928477545  -0.0842528105552888817    0.986969040894055683                       0                       1                       0                       0                       0 0x00000000
  143        2112 3.41754367904097344e-08   -0.137402519180724214    0.085016220728989178                      25   -0.252953667379048119    0.151642801403531313    0.955520226338500533                       0                       1                       0                       0                       0 0x00000000
  144        2112 9.55952362029323644e-08    0.352377635222663854  -0.0997059826809303384                      25  -0.0499138034297953587   -0.264898166461881135    0.962983682952263109                       0                       1                       0                       0                       0 0x00000000
  145        2112    0.502619113451277855   -0.635787186770777613    0.542011983476791581                      25   -0.227593523526022606    0.215117409793719599    0.949697682450921232                       0                       1                       0                       0                       0 0x00000000
  146        2112   0.0521225409095554329   -0.566476940070658186    0.510005574542394036                      25   -0.424687209328035609    -0.13894923018919228    0.894613819289080792                       0                       1                       0                       0                       0 0x00000000
  147        2112 3.42063755526068416e-08     1.11717876878014977    0.822856823463199327                      25    0.274923253222466413    0.199267398351436587    0.940590085420756283                       0                       1                       0                       0                       0 0x00000000
  148        2112    0.449318007734559599     1.08087925371544591    0.822628918264598274                      25  -0.0318178638137769851    0.230346331726397457    0.972588397526168547                       0                       1                       0                       0                       0 0x00000000
  149        2112 1.91283896547950571e-08   -0.783458180325800169   -0.368217476044428893                      25   0.0109702925793238593   0.0883159266234344598    0.996032102788543705                       0                       1                       0                       0                       0 0x00000000
  150        2112 1.26088802748347691e-08   -0.593278256961782047    0.535781703086791516                      25 -0.00639217923203638794    0.358816226297707486    0.933386337906302321                       0                       1                       0                       0                       0 0x00000000
  151        2112 7.74714201270680521e-07    0.115755865628973609    0.225291994501563897                      25  -0.0482286486672020773     0.30433210431978297    0.951344295052021782                       0                       1                       0                       0                       0 0x00000000
  152        2112    0.651891990207438266     1.14618960692656779   -0.795488985529921866                      25    0.598281550671282969  -0.0116352931645625057    0.801201476583349503                       0                       1                       0                       0                       0 0x00000000
  153        2112 2.80584274465006259e-08    0.737872211602349948    0.260097267076295546                      25  -0.0236128004814893933     0.18012984380482136       0.983359382435675                       0                       1                       0                       0                       0 0x00000000
  154        2112 3.58196461345563811e-07    -1.10463093956746317    0.125702681083349033                      25   -0.440878701149925556   0.0404217118228340777    0.896656041124839209                       0                       1                       0                       0                       0 0x00000000
  155        2112    0.117028759850327346    -0.69042627476505436   -0.940848526677106944                      25   -0.215720574328495202    0.195145054397824647    0.956756521564109397                       0                       1                       0                       0                       0 0x00000000
  156        2112 4.40037479909130973e-08    0.509673144712885273    0.661834522671551517                      25   0.0517967749852329129   0.0325668953528526761     0.99812649069554582                       0                       1                       0                       0                       0 0x00000000
  157        2112 7.80296082603496437e-08    0.155979348885203484    0.415934842724073661                      25  -0.0937060660475243085      0.2226563961724628     0.97038306994165302                       0                       1                       0                       0                       0 0x00000000
  158        2112    0.961081673723682361    -1.32957794315843714    0.124173148205484751                      25      0.2755996000324063   -0.243553258536748224    0.929906807544771952                       0                       1                       0                       0                       0 0x00000000
  159        2112 1.11687822754100667e-06    0.917923440313548777    -0.48102999985707473                      25    0.260346515082059693   -0.157642587456014421    0.952558925581404314                       0                       1                       0                       0                       0 0x00000000
  160        2112 1.20731285582259129e-07   -0.496603619001302121    0.657818591160281851                      25     -0.1378663235011727   0.0511671812597853659    0.989128301286642309                       0                       1                       0                       0                       0 0x00000000
  161        2112 1.01941333734834815e-06     1.30590043992432303    0.287933945356015908                      25    0.127490385977278298     0.23975146394040342    0.962426847621053239                       0                       1                       0                       0                       0 0x00000000
  162        2112  6.0166669325776034e-08   -0.107407406135642869   -0.594643869603029063                      25   0.0306530268654413018  0.00231644305204994905      0.9995274013430413                       0                       1                       0                       0                       0 0x00000000
  163        2112 2.97956007732772018e-08    0.410631239054087827   -0.166470240342006748                      25   -0.243709373216596803    0.242556057669119446     0.93902731605336609                       0                       1                       0                       0                       0 0x00000000
  164        2112    0.106886341075300151    0.185207818486876646   -0.870600117138505825                      25 -0.00847024259967451773   -0.652705424473787987    0.757564442046216202                       0                       1                       0                       0                       0 0x00000000
  165        2112 2.75190217305719421e-08   -0.702199152842138741   -0.226296149134407321                      25   -0.307840749264249869   -0.232033643734292416    0.922710388620293309                       0                       1                       0                       0                       0 0x00000000
  166        2112 8.65544083550658284e-08 -0.00836226187504862661    -1.36494549638880924                      25   0.0981301690007801847   -0.457912292811288368    0.883564826158322769                       0                       1                       0                       0                       0 0x00000000
  167        2112 1.46953069472252464e-07    0.179547699697164109    0.634586614357152912                      25    0.161961922713710182  -0.0963285121700408059    0.982084086692165181                       0                       1                       0                       0                       0 0x00000000
  168        2112 5.81004119822304099e-08    0.752863294231501445     1.11528566661904649                      25    0.264049655616042434    0.128228681711548109     0.95594727080292885                       0                       1                       0                       0                       0 0x00000000
  169        2112 1.14307990494092407e-07  -0.0791103359302907094     1.04339435284006599                      25   -0.129143762273146778   -0.038033405599090353    0.990896235094508748                       0                       1                       0                       0                       0 0x00000000
  170        2112  9.5263824975904294e-08   0.0592380082187672352    -1.25880320064501094                      25  -0.0981823712514911101  -0.0125247994139474073    0.995089619770538558                       0                       1                       0                       0                       0 0x00000000
  171        2112 1.19466004452131927e-07   -0.754733145457181065     1.14261477839111958                      25   0.0479264819271773557     0.40091150794838204    0.914862292984380931                       0                       1                       0                       0                       0 0x00000000
  172        2112 7.45075987325416135e-08   -0.246186245171004181   -0.157864070064799911                      25   -0.206214416841296544  -0.0566857664791944327    0.976863520746613756                       0                       1                       0                       0                       0 0x00000000
  173        2112   6.733933490246622e-09   -0.326714201038311447    0.728801693530445327                      25   0.0438493255826815087    0.258327691145857019    0.965061677113538074                       0                       1                       0                       0                       0 0x00000000
  174        2112 4.35943112917027049e-08    0.348777603896062494 -0.00910835117748054479                      25   0.0794995641372892858  -0.0611893821397762605    0.994955113970139582                       0                       1                       0                       0                       0 0x00000000
  175        2112 2.52943328695257166e-08    -0.72386758780198579   -0.530146929139699741                      25   -0.321021421314007183  -0.0534343934362366824    0.945563330853960271                       0                       1                       0                       0                       0 0x00000000
  176        2112 3.28876472248993704e-08   -0.296275249597916734    0.184212170091615057                      25   -0.114542403326096998   -0.223576639130001281     0.96793260316801788                       0                       1                       0                       0                       0 0x00000000
  177        2112   0.0670350298521577292  -0.0582040222722781664   -0.754179176702682974                      25   -0.144710868718695734   0.0257016814470643722    0.989140125586599694                       0                       1                       0                       0                       0 0x00000000
  178        2112 7.82043803880044638e-08     -1.0038114313494293    0.995875160563370665                      25   -0.118697138755964951    0.324840006836534467    0.938290977900559153                       0                       1                       0                       0                       0 0x00000000
  179        2112 8.91247441783064843e-06   -0.327478179604838937   0.0627271978285450782                      25  -0.0358157485531095804    0.145049174903800565    0.988775995367660143                       0                       1                       0                       0                       0 0x00000000
  180        2112 5.65803765087287642e-08    -0.57555162296429474    -1.14717436087196001                      25   -0.172097833466785172   -0.169571949284762657    0.970375025303003347                       0                       1                       0                       0                       0 0x00000000
  181        2112 0.000174406700030840881   -0.219330152818172142    0.567881841931368148                      25   -0.264027690722119679  -0.0346333084686930096    0.963893102204003371                       0                       1                       0                       0                       0 0x00000000
  182        2112   0.0151837255328905827   -0.732406515091623689   -0.672515707530245477                      25   -0.284787977310373641   0.0542526213801346816    0.957054053360023027                       0                       1                       0                       0                       0 0x00000000
  183        2112  0.00574823298073313081     0.90885819050201555   0.0434130335691566005                      25   -0.340343471543075371    0.632194110529097353    0.696058135496117392                       0                       1                       0                       0                       0 0x00000000
  184        2112 4.86258325683655009e-08    0.213364293248615056    -1.38657389643995099                      25    0.168729614528466271   -0.241360824384290601    0.955654367244565428                       0                       1                       0                       0                       0 0x00000000
  185        2112 0.000241624173313642127   -0.407157777358793327   0.0944453769851271441                      25    0.453556051194689003   0.0120886210325344568    0.891145764544842733                       0                       1                       0                       0                       0 0x00000000
  186        2112 1.18675747011981419e-07    -1.21415747568636267    0.603372492935680294                      25   0.0122646383077422705    0.117889244007591099    0.992951008254938428                       0                       1                       0                       0                       0 0x00000000
  187        2112     5.00511307091352364   -0.556078430358175502    0.621380239498605769                      25    0.273774230697693632  -0.0262441833667023255    0.961435860286738553                       0                       1                       0                       0                       0 0x00000000
  188        2112 6.34524458891467679e-08    -1.10461322017372376   -0.771338997229705337                      25   -0.228230851444887722   -0.229735179062127037    0.946114383121847369                       0                       1                       0                       0                       0 0x00000000
  189        2112 6.43898835338183434e-08    0.207568124888356298   -0.173476667487015263                      25    0.691368965702397587  0.00644785740635321711    0.722473098736876373                       0                       1                       0                       0                       0 0x00000000
  190        2112 0.000536632009173285281   -0.138708531017367576     1.15088540252522797                      25   -0.321549634127021811   -0.144402133709101821    0.935817213227581712                       0                       1                       0                       0                       0 0x00000000
  191        2112 7.30739752144000251e-08  -0.0277162000991124646   -0.982943676454125725                      25   -0.257605186524260343   -0.208573327521454688    0.943470579786369834                       0                       1                       0                       0                       0 0x00000000
  192        2112 8.64764762583747934e-07    0.750400839866585123   -0.571216121243126151                      25    0.336874538391833234   0.0926193392804092464    0.936983032596935272                       0                       1                       0                       0                       0 0x00000000
  193        2112 6.61691581903356809e-08    0.357263842948961852     1.09033731386928578                      25    0.274869100874794992   0.0383084450969796153    0.960718189907182607                       0                       1                       0                       0                       0 0x00000000
  194        2112 1.56324755478368928e-07    -1.03989330284849135   -0.707246164138096711                      25   -0.102355504138731068   -0.330909074879109144    0.938095163048588754                       0                       1                       0                       0                       0 0x00000000
  195        2112  3.3261874610224859e-08    0.573552508511312675    0.222780140643240698                      25    0.226332467989975195  -0.0729689340796810249    0.971313105333620808                       0                       1                       0                       0                       0 0x00000000
  196        2112  0.00011537125308801298  -0.0227888250992580588    0.657473985091356794                      25     -0.1623492347165085  -0.0231647199303522504    0.986461414216244115                       0                       1                       0                       0                       0 0x00000000
  197        2112    0.114411645216562455     1.34605083885546906 -0.00351296896494890376                      25    0.566747474181616195    -0.19321924029229387    0.800914243655103886                       0                       1                       0                       0                       0 0x00000000
  198        2112 0.000262020020209596599   -0.849471808470521839    0.392978070400585189                      25  -0.0774209264115850448   0.0677107635303048766     0.99469656310641541                       0                       1                       0                       0                       0 0x00000000
  199        2112  1.0391153020225278e-07   -0.870289388410199427     1.17798727127958802                      25    -0.25378591648125326    0.225552533691259854    0.940594898530298984                       0                       1                       0                       0                       0 0x00000000
  200        2112 2.02162010453142394e-07     1.02531129631213158   -0.144327034164543178                      25    0.208240870607589668  -0.0948989238077874581    0.973462857056557995                       0                       1                       0                       0                       0 0x00000000
  201        2112 1.56502880193268791e-06   -0.949363407048884556    0.272437332567037394                      25  -0.0692289947562121921   0.0236366076732995728    0.997320739312455462                       0                       1                       0                       0                       0 0x00000000
  202        2112 1.00381701219975759e-07    0.645223020392680868   -0.294042727399542292                      25  0.00112731152030904822    -0.11267042619778711     0.99363177496955335                       0                       1                       0                       0                       0 0x00000000
  203        2112 1.23181746232576774e-07   -0.304037269743273386    0.333044999497754457                      25    0.167540084360882247    0.164714049895183123    0.972008025635321182                       0                       1                       0                       0                       0 0x00000000
  204        2112    0.417148521534208949   -0.946209941177625247   -0.191180771495260693                      25   -0.225878189987727185   -0.171522897211003722    0.958936358169931835                       0                       1                       0                       0                       0 0x00000000
  205        2112 3.71800650772279017e-08    0.859251530341897274     1.16678115188195664                      25    0.293395104980520183    0.327600104382340274    0.898107724041025679                       0                       1                       0                       0                       0 0x00000000
  206        2112   0.0325231843198820897    -1.01423918672589242    0.945818852862484905                      25   -0.295104756250026967    0.049938713169291965    0.954158953091992612                       0                       1                       0                       0                       0 0x00000000
  207        2112 0.000166280982047177045   0.0495276969463351868   -0.777013731480336367                      25    0.140842572190694237  -0.0775371913835341264    0.986991060654078267                       0                       1                       0                       0                       0 0x00000000
  208        2112 1.67164117919456473e-06   0.0614434685010964085   -0.110097707893497487                      25 -0.00067593885296776679    0.105838069243041344     0.99438314859292154                       0                       1                       0                       0                       0 0x00000000
  209        2112  0.00583880898465162848   -0.924660719437097711   -0.615439315850924151                      25    0.839207445152956866    0.187543463249384895    0.510449129093461962                       0                       1                       0                       0                       0 0x00000000
  210        2112 1.99382499365819733e-06    0.198353052115314787    -1.48772053613853195                      25    0.478121317538469093    0.709179010423393374    0.518136214609802193                       0                       1                       0                       0                       0 0x00000000
  211        2112 7.92606763894156552e-08   -0.311496040990543177   0.0750743516236347386                      25   -0.139860707998061856    0.123187428673508625    0.982478416951278355                       0                       1                       0                       0                       0 0x00000000
  212        2112 1.25073232865678305e-08    0.493757544527144265     1.11343927960066291                      25    0.175770820118444832 -0.00495471815413817129    0.984418645477066367                       0                       1                       0                       0                       0 0x00000000
  213        2112 9.45806467693622482e-05   -0.836608415563151686    -1.14121500926885311                      25    0.218963475373175342   -0.184728262965121348    0.958086877748771659                       0                       1                       0                       0                       0 0x00000000
  214        2112  0.00639506643376395404    0.277770913636758543   -0.388444864648353372                      25    0.109310048153225522   -0.458520963597069509    0.881935280683766587                       0                       1                       0                       0                       0 0x00000000
  215        2112 6.20384832985704545e-09     0.16708648790031666    0.219004240906964298                      25    0.139960611556702808   0.0352977902762939277    0.989527712201272558                       0                       1                       0                       0                       0 0x00000000
  216        2112   0.0226079423618839419    0.137541920561220721     1.26127457257842113                      25   0.0988345541939169014    0.303784224241388068    0.947600588855530335                       0                       1                       0                       0                       0 0x00000000
  217        2112 9.93279588682423289e-08    0.682788719176918857    0.891847461214550274                      25    0.187635342079977341   0.0650808462673955618    0.980080334386753127                       0                       1                       0                       0                       0 0x00000000
  218        2112 9.26060104601506474e-08    -1.18608412742242519   -0.837720104674604338                      25   -0.108495311838072317   0.0604792214888447144    0.992255527108447333                       0                       1                       0                       0                       0 0x00000000
  219        2112 5.93341802327029908e-08    0.725054987335822521     1.01479991835295524                      25   -0.891268974823080873    0.276949085199434397    0.359080518442606023                       0                       1                       0                       0                       0 0x00000000
  220        2112 6.91301931292404126e-06     -1.3235420177961803    0.427054904166011107                      25  -0.0331634716164174378  -0.0214423398131253842    0.999219900829484864                       0                       1                       0                       0                       0 0x00000000
  221        2112 0.000530630234641816969   -0.237705558812272288     1.00413651090162559                      25   -0.143632081714886839   0.0578481949688178509    0.987938971516509112                       0                       1                       0                       0                       0 0x00000000
  222        2112     1.37009402879745634   -0.818207712153880884    0.658510769222876435                      25   -0.334179664627844986    0.151410210252550109    0.930268187126970236                       0                       1                       0                       0                       0 0x00000000
